slurmstepd: *** JOB 534035 ON snail07 CANCELLED AT 2019-01-02T17:30:11 ***
slurmstepd: *** JOB 534045 ON snail07 CANCELLED AT 2019-01-02T17:30:36 ***
1448911
866519
917738
401902
640602
1767816
899809
540997
1104758
1471089
322565
476101
1774720
1307601
391284
527322
955179
935757
1738897
944461
405951
1007542
670216
1246068
960057
191572
924025
1803865
1335800
721933
1431687
2142290
531790
721642
401296
484231
447866
735872
270324
828352
568468
2882220
1154048
570749
530542
862178
266120
2143634
606967
1713912
405719
1445760
978680
509068
1054193
