slurmstepd: *** JOB 534037 ON snail07 CANCELLED AT 2019-01-02T17:30:13 ***
slurmstepd: *** JOB 534047 ON snail07 CANCELLED AT 2019-01-02T17:30:38 ***
2249011
1046083
696914
5982418
929333
1131191
4867976
2098291
1726143
1049164
358393
1082735
447259
1544195
716801
1128495
717779
3449077
731309
1219952
1705893
1302649
2422408
437600
622521
2752464
2029740
3822345
1314544
1558881
947796
1426893
532593
727458
925087
336184
330177
1314792
2070011
1949547
726327
1658214
1176424
1215503
901682
725335
2074359
501635
2436937
1687605
603384
1013128
947423
945648
750131
299756
1587923
1039690
