slurmstepd: *** JOB 534036 ON snail07 CANCELLED AT 2019-01-02T17:30:12 ***
slurmstepd: *** JOB 534046 ON snail07 CANCELLED AT 2019-01-02T17:30:37 ***
658429
265569
4786952
1070222
328132
2003220
635587
515191
1822895
723501
1392521
539068
1665464
201782
508633
446894
2266412
576322
576686
411350
842844
1053157
240960
1177375
779510
641774
707750
1813149
1577246
1270682
1453071
142542
1219151
770518
1512083
1086347
510568
1729197
1523126
428982
226143
504324
2482227
571682
719150
688529
1411500
8579431
691962
590170
991889
335211
549337
400306
366427
639710
458691
1395078
767034
