slurmstepd: *** JOB 534034 ON snail07 CANCELLED AT 2019-01-02T17:30:10 ***
slurmstepd: *** JOB 534044 ON snail07 CANCELLED AT 2019-01-02T17:30:34 ***
1069204
624101
296607
1165424
1468213
681431
1003529
353299
1824699
629019
588993
530435
1607891
896636
881743
1058513
1067086
754237
2273154
820614
1233441
992302
1210708
814311
885505
665232
3327702
313159
1075657
1709365
1354282
853674
2038580
1746144
220469
1547654
1723499
1132626
675327
871473
1129298
1463810
2884119
329824
633496
693517
1254902
346438
246277
529177
354726
237835
1637379
764085
883505
2129688
447151
1017980
