slurmstepd: *** JOB 534033 ON snail07 CANCELLED AT 2019-01-02T17:30:09 ***
slurmstepd: *** JOB 534043 ON snail07 CANCELLED AT 2019-01-02T17:30:33 ***
2230638
1381571
849679
876456
1735679
624491
492590
1042383
1828627
651575
1163596
1530512
552148
1301927
607791
568173
937957
254978
2249914
903993
2565697
674528
1717745
597701
728335
1212915
350763
1179966
1675361
118335
3124747
1480972
1006046
477050
541713
608455
1017103
1573409
688107
1318649
3375791
1929014
684275
1280825
1047822
566714
1026199
1224230
850518
1524351
420479
518155
188022
1546429
669661
2931173
