slurmstepd: *** JOB 534030 ON snail07 CANCELLED AT 2019-01-02T17:30:01 ***
slurmstepd: *** JOB 534040 ON snail07 CANCELLED AT 2019-01-02T17:30:18 ***
1175235
2235238
407664
495017
476499
1332319
159027
430325
424897
2334736
153849
759093
766814
207310
249386
222976
444917
929189
256683
152254
1268860
3220070
191596
221557
2594376
74379
118024
837071
1770712
304214
253060
1073162
494152
2708950
911614
252473
94050
288600
151059
953681
5050997
859482
89313
612341
333824
332255
1384376
1217921
308972
