slurmstepd: *** JOB 534031 ON snail07 CANCELLED AT 2019-01-02T17:30:06 ***
slurmstepd: *** JOB 534041 ON snail07 CANCELLED AT 2019-01-02T17:30:30 ***
2645791
428978
711216
3946237
242394
208797
1033723
663650
571699
545711
939612
1107288
103586
221557
1135291
803750
407077
334071
128066
171204
287711
625099
178024
378872
117208
147610
527842
511317
1466615
368102
306223
233369
118653
114021
224136
199022
592454
188589
166271
802759
169961
154660
6670319
122835
148915
234912
385246
390613
1038039
468982
438852
267947
