slurmstepd: *** JOB 534029 ON snail07 CANCELLED AT 2019-01-02T17:29:59 ***
slurmstepd: *** JOB 534039 ON snail07 CANCELLED AT 2019-01-02T17:30:16 ***
470485
186374
396090
568627
1945553
168676
1051463
903711
702321
467752
2914050
72790
205174
1750062
1132975
986109
5552614
1079192
622292
5691688
425592
159118
1869609
63566
197679
500462
1117054
564823
108489
268107
886970
415377
302071
319861
132632
294306
345905
203255
254931
615743
1650384
831676
434743
37731
105763
335668
610056
387026
2502849
909510
355596
