slurmstepd: *** JOB 534028 ON snail07 CANCELLED AT 2019-01-02T17:29:56 ***
slurmstepd: *** JOB 534038 ON snail07 CANCELLED AT 2019-01-02T17:30:15 ***
467226
396319
157169
345732
1159726
112244
1413434
922530
134347
305647
69952
849932
1842729
531009
288806
253653
278647
182744
1305024
447377
313722
304985
429186
470768
597953
210104
260519
334237
1143260
667274
122227
110677
531490
1581679
288321
609763
1760847
65163
984725
2660758
146898
164910
142256
197201
2716687
1085849
4586703
1721305
242864
